29.901095743330526 0.0000024608724762569183
214.74541006681213 0.000977460035646153
995.143785131357 0.13917600191503968
1611.343608203021 0.5465422777041992
1962.5098235223531 0.9128428949429035
2975.588959759303 1.7481321395642855
3955.9572123872895 2.146264134677768
5375.810789792656 2.3781411280961517
7632.447888493352 2.4608724762569194
11076.370212191501 2.5464819025467076
16074.26331236194 2.6350695302428586
21843.562382823813 2.6350695302428586
31012.968667445755 2.7267389657354753
50216.41051307284 2.919755832477903
68239.84865547244 3.0213290038373914
92732.17454102037 3.2351989286988703
131658.92875450454 3.584721705777612
199623.38540170825 3.972006046948476
271271.273050458 4.401131616874816
376799.16922072513 5.046267831325161
534970.4697504259 5.785970800743598
711227.3626645661 6.634102514187453
987903.6448109616 7.6065569088409575
1465419.4282416685 9.338928054889397
2035485.7958684932 11.080374915984908
2647481.7861101925 13.146552533350851
3842081.7045079255 16.14064152153897
5336699.231206324 20.506011099773602
7412741.548661518 24.32980420037409
10296390.125555564 30.910000344312202
14618569.020717237 37.949662751701325
19434953.66274171 43.51248247593502
25278332.052447457 51.62633404228461
34351112.233972445 59.19393724285389
43711123.1918951 65.58910174041014
60715293.29000252 72.67518376864207
107313754.91374421 80.5268283244653
149060139.11002737 86.22705716455934
2.0001e9 86.22705716455934
